139 -23 -107 -924 775 -223 434 268 79 529 9 -316 -372 247 -539 -79 -323 374 546 -336 -53 -918 -386 588 -470 38 -606 -366 -538 120 209 722 -780 -517 708 520 861 656 -791 491 -889 -401 888 -212 -605 -25 -110 -214 -771 645 112 965 -13 -561 -482 180 -968 816 -224 -608 -985 623 367 -884 -786 328 -336 -514 -328 -788 567 35 768 -627 124 -931 -979 374 -611 757 -378 287 -563 -541 -280 -352 266 -64 -802 331 -479 -638 -108 -125 -751 464 799 173 -854 -845 785 -210 731 -414 89 -742 763 715 -951 -909 -987 139 -1 652 977 -646 227 487 -581 469 780 1000 55 -270 659 982 -469 -326 979 -926 662 238 -900 -621 418 -750 -426 -40 905 -132
30 684 699 427 434 -529 -748 -388 957 -3 -911 -452 426 -731 591 83 -762 680 305 515 268 397 -765 859 449 854 -586 942 548 -684 -218
13 -62 -526 731 403 -987 394 577 472 631 115 -115 -238 -745
93 415 414 416 419 415 420 426 433 441 432 442 431 419 406 392 377 361 344 362 381 401 380 402 425 401 376 350 377 405 434 404 373 341 308 274 309 345 308 346 385 345 304 262 305 261 216 170 217 169 120 70 121 69 122 176 121 65 8 66 7 -53 -114 -176 -239 -303 -238 -172 -239 -171 -240 -310 -239 -311 -384 -310 -235 -159 -82 -4 -83 -163 -82 0 -83 1 -84 2 89 1 -88 2 93 185
92 -6 -5 -7 -4 -8 -3 -9 -16 -24 -15 -5 6 -6 -19 -33 -18 -34 -51 -69 -88 -68 -89 -111 -88 -112 -137 -163 -136 -164 -193 -163 -132 -164 -197 -231 -196 -232 -195 -233 -272 -232 -191 -233 -190 -234 -189 -235 -282 -330 -281 -231 -282 -230 -283 -229 -284 -340 -397 -339 -280 -340 -401 -339 -276 -340 -275 -209 -142 -74 -5 -75 -4 -76 -149 -75 0 -76 1 -77 -156 -76 -157 -75 8 -76 9 -77 -164 -76 -165 -255 -346
42 84 83 85 82 78 83 89 82 90 81 91 80 92 79 65 80 96 79 97 116 136 115 137 114 138 163 189 216 188 159 129 160 192 225 191 226 190 227 265 304 344 303
49 -398 -397 -395 -398 -402 -407 -401 -408 -400 -409 -419 -408 -396 -383 -397 -382 -366 -349 -331 -312 -332 -353 -331 -354 -330 -305 -331 -358 -386 -357 -387 -418 -450 -483 -517 -482 -446 -409 -447 -486 -526 -567 -609 -652 -608 -653 -607 -560 -608
43 14 -255 861 489 934 547 -194 -298 -676 -799 526 -328 197 -57 -549 -964 712 801 791 -124 -94 -327 -133 627 -788 -452 -584 -411 862 123 -765 -267 -65 637 22 984 103 5 775 648 -753 506 239
143 -821 874 487 943 194 -289 449 -479 351 946 -28 -957 -399 -492 -898 866 15 -472 954 -871 143 569 355 -807 235 -811 941 163 223 -554 -43 365 -12 621 67 -380 975 -468 383 159 842 -407 -388 392 -15 -933 -19 928 -266 849 876 813 900 -862 -594 64 724 154 565 569 422 871 350 449 -483 -145 902 -492 636 35 558 777 743 -360 267 464 -78 805 -255 88 590 -885 -520 334 -292 -205 241 619 559 389 989 794 -717 523 -638 768 42 -547 810 -629 -499 -907 -394 917 -217 172 739 -699 715 948 -314 -71 576 -698 -304 490 179 -804 148 -578 542 -742 -807 178 883 404 -206 484 139 -958 590 883 533 -385 -339 532 90 623 -95 -548 836 979 972
28 648 -84 -398 -695 450 -123 862 -138 -895 710 -377 -556 75 -352 960 852 -287 180 -706 571 -330 -161 -14 -672 37 -732 455 -236
9 8 9 7 10 6 12 17 24 38
60 -129 729 -635 -910 -529 929 -989 -236 -853 -861 -472 501 80 607 151 -168 732 683 351 419 433 -145 675 -91 25 476 -893 -979 -834 -776 -461 -776 603 214 609 -256 -214 -381 48 -83 512 244 -353 -147 512 -56 432 -724 -396 -83 -717 -42 -989 -472 -163 111 -999 947 -502 -260
118 -463 286 -324 -77 517 6 219 -27 290 -812 813 -923 -1 241 -546 156 810 -328 -321 71 -25 -878 -388 304 -117 -334 -883 -962 -18 -741 187 300 527 984 -973 70 363 811 -823 825 769 783 -391 -882 426 936 -58 -28 224 794 -45 -434 -184 -733 -116 67 -522 277 -915 406 -943 -122 -795 -24 -201 989 871 761 -409 752 201 333 285 -285 -235 -808 -982 -710 728 68 318 487 -943 801 -78 192 144 766 -736 428 60 -646 520 609 225 927 893 -273 -621 -464 -322 -664 -159 937 552 595 458 -375 -974 -225 677 -514 -95 -191 -485 -903 -954 146
70 619 -179 -688 684 -679 6 -828 835 72 -976 -284 584 975 644 354 680 -872 -548 -646 -607 -679 -233 -137 942 -213 -18 -108 306 277 419 -57 660 -727 41 -721 -197 597 873 -48 42 380 -683 -467 183 -826 -939 -442 -296 -618 321 -908 -301 -124 13 611 -421 -729 -886 -267 -742 421 -704 274 -620 -21 -349 -104 -441 -690 -889
139 876 -389 236 -633 -446 -135 150 279 848 -319 741 -794 -547 -267 -648 292 -36 -699 -503 -580 793 -893 604 -982 566 -422 728 777 -98 -870 -968 785 -627 85 505 148 -574 -562 -324 742 305 -679 -789 289 -465 -640 -935 -390 484 481 831 199 986 508 530 732 943 -136 -783 703 -359 968 -771 899 773 713 108 581 297 46 -151 -283 -452 948 -919 -142 -178 363 535 -226 469 555 -93 278 206 127 946 244 134 959 536 -348 743 270 -739 -338 382 277 -361 934 -689 -173 160 670 -860 838 82 408 -66 -622 8 359 -223 992 386 318 714 211 -969 -506 -585 839 -462 983 942 -393 -698 -172 975 -678 -992 337 138 519 93 -170 778 695 -708
131 498 497 499 496 500 505 511 518 510 501 511 500 488 501 487 502 518 501 483 502 482 461 439 416 392 367 341 368 340 311 341 372 404 371 405 440 404 367 329 290 250 209 251 208 252 207 253 206 254 303 353 404 456 403 457 402 458 515 457 516 576 637 699 636 700 635 569 502 434 365 435 506 434 507 581 656 732 655 733 812 732 813 731 648 732 647 561 648 560 471 381 472 380 287 381 286 190 93 -5 94 194 295 397 500 604 709 603 496 388 497 607 718 606 719 833 948 832 949 831 712 592 471 349 472 348 223 97 -30 -158 -287 -417
131 619 -758 -81 -445 176 -372 -365 -816 712 340 -310 280 741 -204 12 472 762 -235 94 -227 548 -127 -245 -594 -313 -156 895 -277 589 383 959 193 614 644 256 -187 786 304 -875 -432 -606 41 -523 -447 696 96 92 -589 -839 -432 430 -136 -682 197 -949 -183 788 902 -988 806 -264 -634 436 951 459 -449 150 662 693 -894 716 -952 778 811 -749 -88 -196 -872 -302 -710 -499 -303 350 3 935 -936 -966 -592 169 -902 656 -303 -528 -753 948 401 -435 -758 -592 -315 -586 172 -948 450 -509 -481 880 804 -172 61 -750 -920 -229 -47 -122 -611 -712 -462 -702 -65 586 -283 -469 604 195 801 878 147 812 -673 -178
9 8 9 7 10 6 13 17 24 32
82 -482 -481 -479 -482 -486 -481 -487 -480 -472 -481 -471 -460 -472 -459 -473 -488 -504 -521 -539 -520 -500 -479 -501 -524 -548 -523 -497 -470 -498 -469 -499 -530 -562 -529 -495 -530 -566 -603 -565 -604 -644 -685 -643 -600 -556 -601 -555 -508 -460 -509 -559 -508 -456 -509 -455 -510 -566 -509 -567 -626 -686 -625 -563 -500 -436 -501 -567 -500 -432 -363 -293 -222 -150 -77 -151 -226 -150 -227 -305 -226 -306 -387
139 356 357 359 362 366 371 365 358 366 375 385 396 408 395 409 394 410 393 375 394 374 353 331 354 378 403 377 350 322 351 321 290 258 291 257 292 256 219 257 296 336 295 253 210 254 299 345 392 440 391 441 492 440 493 439 384 328 385 327 386 446 507 445 508 572 637 571 638 570 639 569 640 568 641 567 642 718 795 717 638 558 477 559 642 726 811 897 810 722 633 543 452 360 453 547 642 546 449 547 448 348 449 347 244 140 245 351 244 352 243 133 22 -90 23 137 252 136 253 135 16 -104 17 139 262 386 261 387 514 642 513 383 252 384 251 117 252 116 253 391
42 -447 -425 -567 -139 -297 165 -22 739 962 871 718 845 -75 11 -726 -320 848 -366 491 -309 -670 600 -436 -316 193 -249 -519 207 -673 237 -79 773 705 782 -958 -636 721 173 942 418 -102 -529
122 974 -743 45 215 -780 265 676 -256 -333 94 113 -856 -511 -907 323 -763 -842 -281 -279 139 897 320 355 -397 299 956 -322 573 -161 705 513 -190 -556 -667 -935 -610 915 -710 447 190 710 -612 573 -937 562 -351 -523 859 628 -165 234 848 664 134 318 -332 726 78 -15 -732 722 -907 157 -5 287 477 870 26 852 -96 -277 583 -273 -329 -777 -356 -763 -859 946 545 -784 808 -816 -555 573 944 -788 -840 20 -259 44 417 -405 -632 164 -198 -516 -641 239 -903 -965 -680 -739 477 -661 -312 20 421 969 854 -207 453 -140 361 -713 575 882 34 785 927 429 450
70 479 478 476 479 475 470 464 471 479 488 498 509 521 534 548 563 547 530 548 529 549 528 550 573 549 524 498 525 553 582 552 521 489 522 488 523 559 596 634 673 713 754 712 669 713 758 804 757 805 756 706 757 809 862 808 753 697 754 696 637 697 758 696 759 823 888 954 887 955 886
132 -97 240 633 -763 236 586 -365 -79 809 201 -998 -426 345 561 -245 73 -733 -90 -737 687 966 336 869 -905 502 -604 -159 216 663 -754 882 472 808 211 416 813 221 808 587 -310 -622 -310 376 207 69 -624 731 185 311 977 -170 -293 395 -449 -797 484 596 -668 834 330 -810 722 422 543 573 9 -122 998 -559 -517 489 -328 816 -697 -905 -833 293 -549 -547 158 900 876 350 -477 -104 -591 346 -919 584 -889 -864 -99 -10 58 -297 510 304 -463 -31 348 34 -850 -502 -549 467 -489 926 -642 -801 -906 670 -413 894 629 -274 -500 -831 534 -855 -575 -983 -821 -937 841 206 -248 913 96 247 -720 -63 83
69 -149 -150 -152 -149 -145 -150 -144 -137 -145 -154 -144 -133 -145 -132 -146 -161 -177 -194 -212 -193 -173 -152 -130 -107 -131 -156 -130 -157 -129 -158 -128 -159 -191 -224 -190 -225 -261 -298 -336 -297 -257 -298 -340 -297 -341 -386 -432 -479 -431 -480 -430 -481 -533 -586 -640 -585 -641 -698 -640 -581 -521 -460 -522 -585 -521 -586 -520 -453 -521
104 -264 -263 -265 -262 -266 -261 -255 -262 -270 -261 -251 -240 -252 -239 -253 -238 -254 -237 -219 -200 -220 -241 -219 -242 -266 -291 -317 -290 -318 -347 -317 -286 -254 -221 -187 -152 -116 -79 -41 -80 -120 -79 -37 6 -38 7 -39 8 56 105 155 206 154 207 153 98 154 211 153 212 152 213 275 338 402 337 403 336 404 473 403 474 402 475 549 474 398 321 399 320 240 159 241 324 408 323 409 322 234 323 413 322 414 321 227 322 418 321 223 322 222 323 221 118
119 234 -838 872 497 338 208 -551 -177 172 148 -75 998 -114 349 -738 -669 293 50 690 -206 -289 -867 -960 -90 837 -646 -975 -217 -835 -490 -251 -548 319 207 103 -244 312 320 908 53 -866 367 256 -836 950 177 -39 -241 559 937 451 89 -526 801 32 17 526 -907 -524 107 -857 782 728 -10 -402 955 -170 778 -332 -125 -699 -661 -601 470 -1 -531 -990 903 229 -173 271 446 -162 275 -207 -938 -548 -300 327 -710 168 128 -735 416 730 -243 418 -237 -583 111 -205 299 15 668 995 421 208 -134 -679 -692 310 619 -714 -857 649 -547 -359 -720 19
59 -306 -305 -307 -310 -314 -309 -303 -310 -302 -293 -303 -292 -304 -291 -305 -290 -306 -289 -271 -290 -310 -289 -311 -288 -312 -337 -363 -390 -362 -333 -303 -334 -366 -399 -365 -330 -366 -403 -441 -402 -362 -321 -279 -236 -280 -325 -371 -418 -466 -515 -565 -514 -462 -409 -463 -408 -464 -521 -463
108 743 -856 -871 -817 935 932 -160 -479 18 693 -810 718 884 198 -478 385 -516 157 -782 257 -532 486 668 23 345 982 908 -646 -909 -965 550 -853 -750 -1 822 275 415 854 30 445 75 41 663 -670 273 124 338 678 -562 147 -739 -851 -773 221 216 632 460 -261 -637 -905 585 60 -442 670 -544 -884 720 -108 522 520 188 -759 237 -931 634 97 933 186 983 -208 -897 -262 -131 -912 511 92 53 -38 -529 -756 -997 504 614 -548 -998 863 823 621 393 833 349 -19 -876 -257 971 716 868 489
28 45 46 48 51 47 42 48 55 47 38 48 59 71 58 44 59 43 60 42 23 3 -18 4 -19 5 30 56 29
113 265 769 963 11 864 -927 -974 -436 -425 -649 464 929 288 776 -87 785 789 -269 583 791 -796 -595 451 566 85 -255 902 -992 463 -595 -399 472 -564 -770 394 22 891 730 844 400 -531 -538 -682 -350 -901 217 -513 489 129 -622 -790 -198 -652 -232 360 -893 -229 -641 94 -927 165 606 -618 -108 -566 386 -303 768 -773 -307 487 -814 532 788 -603 -511 -492 108 889 -81 650 743 61 -33 -985 -505 -769 -866 -155 -212 720 537 -4 -338 -314 -979 -162 629 -413 -641 -133 -941 -495 -548 407 -141 942 -165 -1000 -760 -495 761 741
30 -340 -341 -343 -340 -344 -339 -345 -338 -330 -321 -331 -320 -308 -321 -335 -350 -334 -351 -369 -350 -370 -391 -369 -346 -370 -395 -369 -342 -314 -285
114 -232 -231 -229 -232 -236 -241 -247 -240 -248 -239 -249 -238 -226 -239 -253 -238 -222 -205 -187 -206 -186 -165 -187 -164 -140 -115 -141 -168 -196 -225 -255 -224 -256 -223 -257 -292 -328 -291 -329 -290 -330 -371 -329 -286 -330 -285 -331 -378 -330 -379 -429 -378 -430 -483 -537 -482 -538 -595 -537 -478 -538 -477 -539 -602 -666 -731 -797 -730 -798 -867 -797 -726 -798 -725 -651 -726 -802 -879 -801 -880 -800 -719 -801 -718 -802 -887 -973 -886 -798 -887 -977 -886 -978 -885 -791 -696 -600 -697 -795 -696 -796 -695 -797 -694 -798 -693 -587 -480 -372 -263 -153 -264 -152 -39
141 356 355 353 350 354 359 353 346 338 329 339 350 362 349 363 378 362 345 327 308 288 267 245 268 244 269 295 322 294 323 353 384 416 383 349 384 348 385 347 386 346 387 345 388 344 299 253 206 254 303 253 304 356 303 249 194 138 81 139 198 258 197 135 198 262 327 393 326 258 189 259 188 260 187 113 38 -38 -115 -37 42 122 41 123 40 124 39 -47 -134 -46 -135 -45 -136 -228 -321 -415 -320 -416 -513 -415 -316 -216 -317 -215 -318 -214 -319 -213 -320 -212 -321 -211 -100 -212 -325 -211 -326 -442 -559 -441 -322 -202 -323 -445 -568 -692 -567 -441 -568 -696 -825 -695 -826 -958 -825 -691 -826 -962 -825 -963 -824 -964
71 -177 -176 -178 -175 -171 -166 -160 -167 -159 -168 -178 -167 -179 -166 -180 -165 -149 -166 -148 -167 -187 -166 -144 -121 -97 -72 -98 -125 -153 -124 -154 -123 -91 -124 -158 -123 -87 -124 -86 -125 -85 -126 -84 -41 -85 -130 -84 -131 -179 -228 -278 -227 -175 -228 -282 -337 -281 -338 -280 -339 -399 -460 -398 -461 -397 -332 -266 -199 -131 -62 8
132 415 416 418 415 419 424 418 411 403 412 402 413 425 438 452 437 453 436 454 435 455 476 454 431 455 430 404 377 405 376 406 437 469 436 402 437 401 364 402 441 401 442 400 357 401 446 492 445 493 542 492 441 493 546 600 655 599 656 714 655 715 776 838 775 711 646 712 779 711 642 712 783 855 782 856 781 705 628 550 629 709 628 710 627 543 458 544 631 543 454 544 453 545 638 544 639 543 640 738 639 539 438 540 437 541 436 330 223 331 440 330 219 331 444 330 445 329 446 328 447 567 688 566 443 319 444 318 191 319 448 318 187
124 469 -447 -784 348 -390 861 -510 858 -565 -344 447 696 656 -423 -901 267 860 -586 -816 -200 523 247 260 855 162 -524 -138 -55 -694 975 -918 188 -959 -79 -890 296 183 332 -989 375 443 942 -705 -419 197 -611 865 732 700 842 -982 -746 -672 873 -229 937 -523 -341 681 549 991 -58 31 -914 -997 -419 -309 -97 222 -893 771 972 -916 233 272 491 369 -907 742 -653 113 774 -187 -967 -514 500 818 799 -117 -289 446 977 -345 -262 -667 -625 -960 -600 825 -980 858 -865 -458 478 492 489 -372 687 303 874 704 -854 759 -380 -974 913 -774 -529 -291 265 -523 987 -950 143
3 7 7 8
101 -780 -965 318 -366 916 -450 701 325 -949 -853 -833 362 933 842 877 -429 118 -961 476 -358 -830 510 -895 -24 -887 -801 -879 352 -205 -743 -804 313 -679 507 474 25 984 -714 225 -496 659 -858 246 -123 -524 -827 -642 690 -428 848 338 944 -374 431 561 -222 -812 711 -956 -670 604 256 -227 -53 12 932 -730 -668 968 655 -807 -288 254 52 993 469 -776 499 -554 -132 -440 -567 478 -102 -574 628 -247 706 953 -60 195 -222 116 -68 -944 995 -672 997 -468 846 -111
85 105 -150 -545 -952 3 192 878 883 717 -96 -208 213 225 -269 -857 -170 82 -661 -835 813 -300 -418 718 405 -538 237 591 -403 863 -584 449 -797 967 611 589 438 28 -95 620 531 -533 583 52 -366 -988 763 -725 -676 -918 -894 -380 -596 102 -664 -902 781 589 5 285 68 -319 -559 -918 755 351 249 -989 240 275 -872 -240 747 305 -686 650 -187 622 565 233 -193 56 180 279 -410 -13